AA	P6	P5	P4	P3	P2	P1	P1prime	P2prime	P3prime	P4prime	P5prime	P6prime
A	3.3	5.7	12.3	4.9	6.6	4.1	15.6	9.8	9.0	10.7	14.8	10.7
C	0.8	4.9	0.0	0.8	0.0	0.0	0.0	0.0	0.0	0.0	0.0	0.0
D	4.1	2.5	1.6	0.8	0.8	1.6	0.8	11.5	4.9	4.9	0.8	4.9
E	2.5	2.5	4.9	7.4	2.5	0.8	0.0	3.3	2.5	3.3	1.6	4.1
F	2.5	0.8	0.0	2.5	1.6	13.1	5.7	5.7	4.1	7.4	2.5	4.1
G	13.1	5.7	8.2	5.7	5.7	4.9	12.3	10.7	15.6	15.6	20.5	8.2
H	0.8	0.8	0.0	1.6	1.6	0.0	1.6	0.0	0.0	2.5	0.8	0.0
I	0.0	2.5	3.3	4.9	2.5	9.8	4.1	4.1	4.1	2.5	3.3	4.1
K	4.9	4.9	2.5	2.5	7.4	9.0	0.0	0.8	0.0	4.9	0.8	3.3
L	4.9	4.9	5.7	4.1	6.6	2.5	0.0	11.5	4.9	9.0	13.9	18.0
M	2.5	3.3	2.5	0.8	2.5	18.0	0.0	2.5	0.8	1.6	0.8	0.8
N	3.3	0.8	2.5	1.6	3.3	0.8	4.9	0.0	3.3	1.6	0.8	3.3
P	3.3	9.0	6.6	4.1	1.6	1.6	0.0	0.0	6.6	10.7	13.1	6.6
Q	7.4	1.6	4.1	2.5	4.9	0.0	0.8	4.9	4.9	1.6	1.6	6.6
R	5.7	5.7	6.6	8.2	7.4	13.9	3.3	0.0	3.3	0.8	1.6	4.1
S	9.0	14.8	6.6	13.1	9.0	5.7	36.1	11.5	9.8	9.0	5.7	5.7
T	4.9	7.4	6.6	9.0	11.5	0.8	12.3	7.4	11.5	5.7	8.2	6.6
V	9.0	1.6	7.4	4.9	7.4	4.9	1.6	13.9	9.0	7.4	6.6	6.6
W	0.8	0.8	0.0	0.0	0.0	0.8	0.0	0.0	0.0	0.8	0.0	0.0
Y	0.0	4.1	0.0	4.9	0.8	5.7	0.8	2.5	5.7	0.0	2.5	2.5