AA	P6	P5	P4	P3	P2	P1	P1prime	P2prime	P3prime	P4prime	P5prime	P6prime
A	4.6	6.0	7.3	5.3	7.3	4.6	12.6	11.9	9.3	7.9	8.6	7.9
C	0.0	1.3	0.0	0.0	0.0	0.0	0.0	0.0	0.0	0.0	0.0	0.0
D	2.6	3.3	4.0	3.3	0.7	2.6	3.3	7.9	4.6	3.3	1.3	7.3
E	2.6	1.3	2.0	3.3	0.7	0.7	0.0	4.0	1.3	3.3	3.3	3.3
F	4.0	2.0	2.0	2.0	2.0	9.9	6.0	5.3	2.6	6.0	2.6	5.3
G	9.9	6.0	5.3	6.6	7.3	5.3	10.6	8.6	15.9	21.2	13.9	11.3
H	2.6	1.3	1.3	3.3	2.0	1.3	0.7	0.0	0.0	0.7	0.0	2.0
I	0.7	2.0	2.6	2.0	0.7	6.6	2.0	5.3	7.9	6.6	2.6	4.6
K	3.3	3.3	1.3	4.6	6.0	9.9	0.7	0.0	0.0	2.0	2.6	1.3
L	6.6	7.3	6.6	2.0	6.6	2.0	3.3	12.6	13.9	9.3	14.6	12.6
M	1.3	0.0	0.7	2.0	0.7	13.9	1.3	0.7	0.0	0.7	0.7	0.0
N	1.3	2.0	2.0	2.0	4.0	1.3	2.6	2.0	2.6	0.7	4.0	6.0
P	7.9	9.3	7.3	2.6	6.6	3.3	0.7	2.6	5.3	7.9	11.3	11.3
Q	4.0	2.6	4.0	4.0	3.3	0.0	2.6	2.6	2.6	4.6	2.0	2.0
R	7.9	4.0	9.9	13.2	9.3	21.2	2.6	0.7	4.0	2.6	3.3	3.3
S	9.9	12.6	12.6	9.3	10.6	5.3	30.5	7.9	9.3	6.6	9.3	11.3
T	4.6	7.9	4.0	7.3	7.3	3.3	15.9	11.9	6.0	9.3	9.3	1.3
V	6.6	7.3	8.6	5.3	5.3	1.3	1.3	10.6	9.9	6.6	7.3	9.3
W	0.0	2.0	0.0	0.0	0.0	1.3	0.0	0.7	0.0	0.7	0.7	0.0
Y	2.0	2.6	0.7	6.0	2.0	3.3	3.3	4.6	4.6	0.0	2.6	0.0