AA	P6	P5	P4	P3	P2	P1	P1prime	P2prime	P3prime	P4prime	P5prime	P6prime
A	6.9	8.8	3.8	5.0	8.8	6.3	19.5	18.2	11.9	11.9	11.9	7.5
C	0.0	1.9	0.6	0.6	0.0	1.3	0.0	0.0	0.0	0.0	0.0	0.0
D	3.1	3.1	3.1	3.8	1.9	2.5	2.5	8.8	6.9	1.9	1.9	8.2
E	6.3	3.8	3.1	6.9	0.0	1.3	1.9	2.5	1.3	6.3	3.8	4.4
F	3.1	1.9	0.0	1.9	0.6	11.9	3.8	10.1	3.1	2.5	1.9	0.6
G	12.6	5.0	7.5	5.0	3.1	5.7	6.9	4.4	15.7	13.8	10.7	8.2
H	0.6	0.0	0.0	1.3	1.3	1.3	0.0	0.0	1.3	0.6	0.0	0.6
I	1.3	3.8	3.8	4.4	1.3	5.7	2.5	5.7	5.0	3.8	2.5	4.4
K	2.5	5.7	5.7	6.3	10.7	10.1	1.3	1.3	0.6	1.9	1.3	1.9
L	5.7	6.9	8.2	3.1	9.4	2.5	3.1	10.1	9.4	11.3	13.8	15.1
M	0.6	0.0	2.5	3.8	2.5	17.6	0.6	0.6	0.0	0.6	1.3	0.6
N	0.6	4.4	1.9	3.1	3.8	0.0	3.8	1.3	4.4	1.9	2.5	4.4
P	3.8	5.7	6.3	1.3	5.7	0.6	0.0	3.1	10.1	13.2	17.6	12.6
Q	2.5	1.3	4.4	2.5	3.8	1.9	1.9	3.8	3.8	6.9	3.1	7.5
R	7.5	6.3	8.8	11.9	8.8	17.0	2.5	0.0	4.4	2.5	3.1	3.1
S	12.6	9.4	10.7	4.4	3.1	3.1	26.4	10.7	6.3	3.1	6.9	6.3
T	4.4	8.8	2.5	4.4	6.9	3.1	18.2	11.3	5.7	6.3	6.9	1.9
V	3.8	5.0	6.3	8.8	5.7	2.5	3.1	7.5	9.4	10.1	10.7	11.3
W	0.0	0.0	0.0	0.0	0.6	0.0	0.0	0.6	0.0	0.0	0.0	1.3
Y	1.9	1.3	2.5	3.8	2.5	4.4	1.9	0.0	0.6	1.3	0.0	0.0