AA	P6	P5	P4	P3	P2	P1	P1prime	P2prime	P3prime	P4prime	P5prime	P6prime
A	5.6	8.0	11.2	8.0	7.6	8.0	12.4	12.7	11.6	7.2	10.4	9.2
C	0.0	0.8	0.0	0.8	0.8	0.4	0.0	0.0	0.0	0.0	0.0	0.0
D	2.0	4.0	2.0	2.0	0.0	1.6	3.6	8.0	3.6	3.2	3.2	7.6
E	3.2	4.4	2.8	3.6	0.8	0.8	0.8	3.6	3.2	5.2	3.6	2.8
F	2.8	0.8	2.0	2.4	2.4	9.2	5.2	5.6	2.8	4.8	5.2	4.0
G	9.6	5.6	5.2	4.0	5.2	4.0	13.5	6.8	13.9	15.1	16.3	12.4
H	2.4	2.4	0.8	2.4	1.6	1.2	0.4	0.8	0.4	0.0	0.0	1.2
I	0.8	2.4	2.4	0.4	2.4	5.6	2.4	6.4	7.2	4.4	2.4	5.6
K	3.2	3.6	1.6	4.0	6.4	6.4	0.4	0.4	0.4	4.0	1.2	1.2
L	6.4	6.0	4.0	5.2	8.8	2.4	3.2	13.1	10.4	10.0	12.7	12.0
M	0.8	1.2	2.4	2.0	2.0	11.2	1.2	1.6	0.8	0.0	1.2	0.4
N	1.2	1.6	3.6	3.2	4.4	1.6	2.8	1.6	1.6	1.2	4.8	5.2
P	7.6	9.2	6.4	2.8	4.4	4.0	0.8	3.6	8.0	9.6	8.8	8.0
Q	4.8	1.2	4.8	3.6	3.6	0.4	1.6	1.6	2.4	3.6	1.6	4.0
R	7.6	4.4	9.6	10.4	11.2	18.3	3.6	0.8	3.2	2.4	2.4	4.0
S	11.2	12.0	13.1	10.8	8.0	7.2	24.7	11.2	11.6	10.0	9.2	10.4
T	5.2	7.6	6.8	9.2	7.6	1.2	17.1	7.6	5.6	8.0	6.0	2.8
V	7.6	6.0	6.0	6.8	6.0	2.8	4.0	10.0	10.0	10.0	8.0	8.4
W	0.0	2.4	0.4	0.0	0.4	0.4	0.0	0.4	0.4	0.8	0.4	0.0
Y	4.0	3.6	0.8	5.2	2.4	9.2	2.4	4.4	3.2	0.8	2.8	1.2