AA	P6	P5	P4	P3	P2	P1	P1prime	P2prime	P3prime	P4prime	P5prime	P6prime
A	2.1	6.3	7.9	5.3	8.5	5.3	14.8	12.2	12.2	5.8	10.1	11.1
C	0.0	1.6	0.0	0.0	0.0	0.5	0.0	0.0	0.0	0.0	0.0	0.0
D	2.6	3.7	3.2	3.2	0.0	1.1	2.1	6.9	5.3	5.8	2.1	6.9
E	2.1	2.6	3.7	4.8	2.1	0.5	0.0	3.2	1.1	5.3	3.2	1.1
F	2.6	1.6	1.6	2.6	2.1	9.5	3.7	7.9	5.3	4.2	1.6	5.3
G	9.0	6.3	6.3	3.7	4.2	1.6	12.7	7.9	13.8	18.5	12.7	9.5
H	1.6	1.6	0.5	2.1	1.6	0.5	0.5	0.5	0.0	0.0	0.5	1.6
I	1.6	1.1	2.1	1.6	1.6	6.3	1.1	7.4	5.8	4.8	2.6	3.2
K	3.7	4.8	2.6	5.8	6.3	11.6	0.5	0.5	0.0	2.6	2.1	1.6
L	7.9	5.3	6.3	5.3	5.8	3.7	3.7	11.6	10.1	12.7	12.7	14.3
M	2.1	0.5	1.6	2.6	2.6	14.3	1.1	1.1	1.1	1.1	0.5	0.0
N	1.6	2.6	3.2	2.6	2.1	2.1	4.8	0.0	3.7	2.1	3.2	6.3
P	4.8	8.5	7.9	3.2	6.3	2.6	0.0	1.1	7.9	6.3	11.6	11.6
Q	4.8	1.6	2.1	2.6	1.6	0.5	1.6	2.6	3.7	2.6	2.1	3.2
R	3.7	3.2	6.9	8.5	10.1	20.1	3.7	0.5	4.2	2.1	4.8	2.1
S	11.1	11.6	13.2	9.0	7.9	6.3	28.0	11.1	6.3	6.9	7.4	10.1
T	4.8	6.3	4.2	5.3	7.9	3.7	15.9	10.1	6.3	7.4	10.1	3.2
V	9.5	7.4	5.3	8.5	5.3	1.6	3.7	12.2	8.5	9.0	10.1	6.3
W	0.0	1.1	0.0	0.5	0.5	1.1	0.0	0.5	0.5	1.1	0.0	1.1
Y	3.7	4.8	0.5	6.3	3.7	5.3	2.1	2.6	4.2	1.6	2.6	1.6