AA	P6	P5	P4	P3	P2	P1	P1prime	P2prime	P3prime	P4prime	P5prime	P6prime
A	1.6	9.4	7.8	6.2	7.0	6.2	8.6	18.0	12.5	12.5	11.7	7.0
C	0.0	1.6	0.0	0.8	0.0	0.8	0.0	0.0	0.0	0.0	0.0	0.0
D	1.6	2.3	1.6	2.3	0.0	1.6	1.6	7.8	7.8	3.9	3.1	10.9
E	3.9	3.1	0.8	3.9	2.3	1.6	0.8	3.9	0.8	2.3	1.6	2.3
F	1.6	1.6	1.6	0.0	0.8	7.8	6.2	9.4	3.9	4.7	4.7	4.7
G	8.6	7.0	5.5	6.2	5.5	7.0	14.8	7.8	16.4	19.5	11.7	13.3
H	0.8	0.0	0.0	1.6	0.8	1.6	0.8	0.8	0.0	0.8	0.0	0.0
I	0.8	3.1	2.3	3.1	2.3	6.2	1.6	3.9	3.9	5.5	2.3	3.9
K	6.2	1.6	4.7	3.9	8.6	7.0	0.8	0.0	0.8	2.3	3.1	1.6
L	5.5	2.3	7.0	3.9	9.4	1.6	0.8	8.6	8.6	9.4	11.7	9.4
M	0.8	1.6	3.1	2.3	3.1	14.8	0.0	0.8	0.8	0.0	0.8	0.8
N	5.5	3.1	1.6	2.3	1.6	0.8	4.7	2.3	2.3	0.0	2.3	3.9
P	5.5	6.2	9.4	2.3	6.2	1.6	0.0	2.3	5.5	11.7	15.6	8.6
Q	1.6	2.3	0.8	4.7	2.3	0.8	4.7	4.7	4.7	3.1	3.9	2.3
R	8.6	7.0	6.2	14.1	10.2	20.3	2.3	1.6	5.5	1.6	1.6	3.9
S	15.6	12.5	12.5	9.4	7.0	0.8	28.1	10.2	7.0	7.8	5.5	10.2
T	3.1	5.5	7.8	5.5	5.5	3.9	18.8	7.0	7.0	3.9	4.7	2.3
V	5.5	7.8	5.5	7.0	6.2	5.5	4.7	7.8	9.4	10.2	13.3	10.9
W	0.0	0.8	0.0	0.0	0.8	0.0	0.0	0.0	0.0	0.0	0.0	0.8
Y	1.6	2.3	1.6	3.1	3.1	8.6	0.8	3.1	3.1	0.8	2.3	3.1